1 0.334301 0.405340 0.058602 0.050403
1 0.205156 0.851111 0.071562 0.088889
1 0.202023 0.747576 0.070219 0.058903
1 0.197113 0.494167 0.068602 0.059722
1 0.196859 0.171326 0.067531 0.061792
1 0.194348 0.090083 0.067086 0.057500
1 0.193477 0.026069 0.068828 0.049528
1 0.260598 0.192153 0.034711 0.105139
1 0.858359 0.453889 0.018750 0.029722
1 0.536930 0.109785 0.066250 0.058903
1 0.330418 0.234958 0.071789 0.049083
1 0.330813 0.182361 0.069422 0.053306
1 0.330023 0.126264 0.059953 0.058917
1 0.328449 0.073639 0.064695 0.057556
1 0.327660 0.023861 0.064695 0.047722
1 0.540668 0.166236 0.069430 0.054694
1 0.741445 0.224438 0.062328 0.058903
1 0.330695 0.462701 0.064234 0.054375
1 0.396172 0.017549 0.062344 0.035097
1 0.540234 0.341542 0.061719 0.053583
1 0.602082 0.055903 0.060211 0.049028
1 0.604746 0.112271 0.058164 0.050486
1 0.606543 0.160375 0.060195 0.050361
1 0.607969 0.218146 0.053594 0.043431
1 0.739578 0.276306 0.052250 0.038222
1 0.739219 0.108299 0.057813 0.040625
1 0.508188 0.590792 0.018625 0.031167
1 0.611797 0.270972 0.054531 0.047778
1 0.613723 0.388674 0.064695 0.053458
1 0.609379 0.436667 0.057352 0.045556
1 0.546992 0.570278 0.058359 0.051667
1 0.542500 0.507181 0.050938 0.046028
1 0.545234 0.448611 0.059063 0.049722
1 0.541801 0.396403 0.051086 0.049083
1 0.539258 0.276986 0.065234 0.054806
1 0.543094 0.223972 0.058500 0.049556
1 0.749867 0.329590 0.058547 0.046931
1 0.630582 0.510660 0.019023 0.038042
1 0.607348 0.009104 0.062320 0.018208
1 0.733434 0.014479 0.056258 0.028958
1 0.333160 0.350667 0.067883 0.053306
1 0.405145 0.400556 0.060102 0.049278
1 0.399313 0.456965 0.065016 0.050653
1 0.400352 0.511083 0.063469 0.049278
1 0.404000 0.576104 0.057078 0.047736
1 0.340004 0.578424 0.059727 0.053708
1 0.332562 0.517743 0.061172 0.049069
1 0.327848 0.293861 0.058508 0.065917
1 0.614687 0.329542 0.058594 0.050361
1 0.567000 0.817861 0.034187 0.116778
1 0.735563 0.058854 0.052469 0.040903
1 0.402910 0.283583 0.057461 0.041444
1 0.537418 0.058243 0.060148 0.051903
1 0.735918 0.163653 0.056133 0.051583
1 0.401566 0.229097 0.069539 0.048750
1 0.191094 0.330917 0.057656 0.047333
1 0.193082 0.409458 0.059148 0.046917
1 0.189422 0.579750 0.063969 0.047722
1 0.194105 0.661910 0.064914 0.051458
1 0.290660 0.839229 0.029930 0.118208
1 0.340414 0.845007 0.030422 0.108875
1 0.427840 0.830611 0.027758 0.109889
1 0.521363 0.824285 0.034305 0.115597
1 0.611551 0.827153 0.030180 0.114861
1 0.660336 0.791257 0.027609 0.106653
1 0.539219 0.017917 0.062031 0.035833
1 0.402109 0.344257 0.061906 0.052347
1 0.400051 0.177243 0.054586 0.045792
1 0.397871 0.120944 0.061539 0.056111
1 0.396660 0.069417 0.054336 0.046722
